[0.7616666666666667,
0.8029166666666666,
0.8220833333333334,
0.9193055555555556,
0.9204166666666667,
0.9168055555555555,
0.9084722222222222,
0.9070833333333334,
0.9056944444444445,
0.8918055555555555,
0.8613888888888889,
0.84125,
0.7845833333333333]

[0.7572916666666667,
0.7932291666666667,
0.8730208333333334,
0.929375,
0.9325,
0.92125,
0.9173958333333333,
0.9164583333333334,
0.9001041666666667,
0.8853125,
0.8640625,
0.8408333333333333,
0.7588541666666667]

[0.7464166666666666,
0.7789166666666667,
0.8438333333333333,
0.935,
0.9215833333333333,
0.9284166666666667,
0.9071666666666667,
0.9110833333333334,
0.90575,
0.88925,
0.88325,
0.8593333333333333,
0.77025]
